0.	10.026332080337852
0.0009775171065493646	11.455415369820344
0.0019550342130987292	12.195835988533872
0.0029325513196480934	9.622317881117851
0.0039100684261974585	3.992231686749733
0.004887585532746822	-0.2592709441031502
0.005865102639296187	0.6328158213699453
0.006842619745845552	4.9468750381502105
0.007820136852394917	7.610506604815555
0.00879765395894428	6.5525228511729665
0.009775171065493644	4.63689982335984
0.01075268817204301	5.134913549862063
0.011730205278592374	7.495651350535468
0.012707722385141739	8.511344891041176
0.013685239491691105	6.108033870777831
0.014662756598240468	1.0846815646137884
0.015640273704789834	-3.5961499712304885
0.016617790811339194	-4.510264322180774
0.01759530791788856	-0.3534776360863532
0.01857282502443793	5.917705476717941
0.01955034213098729	8.746897054785322
0.020527859237536656	5.262531960421427
0.02150537634408602	-1.6558991162690404
0.022482893450635383	-6.5019461640913505
0.023460410557184747	-6.612867352528042
0.024437927663734114	-3.8590226638315244
0.025415444770283478	-2.0334379500817477
0.026392961876832842	-3.5405382616672796
0.02737047898338221	-7.514377717151319
0.028347996089931573	-10.08738205777945
0.029325513196480937	-7.796161052298885
0.0303030303030303	-2.2118564733148105
0.03128054740957967	0.03810283132213499
0.032258064516129024	-6.0369856574624
0.03323558162267839	-17.48902028413568
0.03421309872922776	-25.71856536628789
0.03519061583577712	-25.217814062751692
0.03616813294232649	-18.75761740324642
0.03714565004887586	-13.768917880805715
0.03812316715542522	-14.678005679274738
0.03910068426197458	-19.311654915362425
0.04007820136852394	-22.581065148050854
0.04105571847507331	-23.211700098928013
0.042033235581622676	-25.565413532044552
0.04301075268817204	-33.45607904371476
0.0439882697947214	-43.37597994160109
0.04496578690127077	-47.185776501924906
0.04594330400782013	-42.21427813291037
0.046920821114369494	-35.401713584034866
0.047898338220918865	-35.55422515376919
0.04887585532746823	-44.06472278841201
0.04985337243401759	-55.2467702746449
0.050830889540566956	-63.24028538713703
0.05180840664711632	-66.24518907646585
0.052785923753665684	-66.35652856575699
0.05376344086021505	-67.7810276021544
0.05474095796676442	-73.23144261815985
0.05571847507331378	-80.35571255703192
0.056695992179863146	-84.68106975141555
0.0576735092864125	-87.41925189509472
0.05865102639296187	-95.07476347600658
0.05962854349951124	-108.27996920245154
0.0606060606060606	-117.98231504048763
0.06158357771260997	-118.95302162486684
0.06256109481915934	-120.11292349982418
0.0635386119257087	-131.74705579635582
0.06451612903225805	-147.97911201567794
0.06549364613880741	-154.98201506793174
0.06647116324535678	-154.2805161864736
0.06744868035190615	-162.59082203539333
0.06842619745845552	-186.03683732485493
0.06940371456500488	-209.46710502994017
0.07038123167155425	-218.13306393697692
0.07135874877810361	-217.4863744364057
0.07233626588465299	-222.5892141924748
0.07331378299120235	-238.23967043296489
0.07429130009775171	-259.75510942382823
0.07526881720430108	-284.5637494718067
0.07624633431085044	-310.92280365341946
0.07722385141739979	-331.37480549333736
0.07820136852394916	-340.6414248223615
0.07917888563049852	-347.39271571797315
0.08015640273704788	-366.37303353187303
0.08113391984359725	-399.5197173207416
0.08211143695014662	-434.7876953337001
0.08308895405669597	-463.0248263105028
0.08406647116324535	-486.52456093230103
0.0850439882697947	-511.2437835033885
0.08602150537634408	-540.1065540362622
0.08699902248289346	-574.6674304027028
0.0879765395894428	-614.7391012722351
0.08895405669599218	-655.511963842628
0.08993157380254153	-692.6768916294225
0.09090909090909091	-730.0730981465883
0.09188660801564026	-774.212343546794
0.09286412512218964	-822.9786670973199
0.09384164222873899	-870.1719492224438
0.09481915933528835	-919.5103336380657
0.09579667644183773	-980.3083694411896
0.09677419354838708	-1048.5966717699202
0.09775171065493646	-1109.0288977794398
0.09872922776148581	-1160.4650803991626
0.09970674486803519	-1222.2613624721494
0.10068426197458454	-1305.2228891376753
0.10166177908113391	-1392.8318413421466
0.10263929618768329	-1466.5385783759377
0.10361681329423264	-1536.149887281842
0.10459433040078202	-1624.9561609717944
0.10557184750733137	-1732.580938438528
0.10654936461388075	-1835.4718561831883
0.1075268817204301	-1923.6518582994263
0.10850439882697946	-2014.8805461368079
0.10948191593352884	-2126.4210433339376
0.11045943304007819	-2251.3778958824187
0.11143695014662756	-2373.3450016048973
0.11241446725317691	-2490.35064556998
0.11339198435972629	-2611.4446381623625
0.11436950146627564	-2738.9081344091837
0.115347018572825	-2867.4830907832347
0.11632453567937437	-2996.6380120566732
0.11730205278592375	-3131.1378093821436
0.11827956989247312	-3270.5005789268107
0.11925708699902247	-3407.917809673641
0.12023460410557184	-3539.9831318567212
0.1212121212121212	-3669.1463602718586
0.12218963831867057	-3795.6456701947477
0.12316715542521994	-3914.9026769189595
0.12414467253176929	-4025.0035778959136
0.12512218963831867	-4129.250666076776
0.12609970674486803	-4227.139043020456
0.1270772238514174	-4308.7671667392215
0.12805474095796676	-4364.094266486116
0.1290322580645161	-4394.287896124843
0.1300097751710655	-4407.275207404273
0.13098729227761483	-4402.664198117174
0.13196480938416422	-4367.269198159975
0.13294232649071355	-4287.612678978063
0.13391984359726294	-4162.20736708545
0.1348973607038123	-3997.534441656624
0.13587487781036167	-3794.3365463013997
0.13685239491691104	-3542.9824471863753
0.13782991202346037	-3233.039192746312
0.13880742913000976	-2863.1573506049485
0.1397849462365591	-2438.3874525769347
0.1407624633431085	-1959.7019727429006
0.14173998044965788	-1420.2083366600518
0.14271749755620722	-812.9110586891105
0.1436950146627566	-140.2753595296681
0.14467253176930597	585.6783106981144
0.1456500488758553	1352.7146983576774
0.1466275659824047	2156.9227683856116
0.14760508308895404	3001.187098333177
0.14858260019550343	3884.8079822861664
0.14956011730205276	4795.198664392891
0.15053763440860216	5710.817351510918
0.1515151515151515	6611.781523818745
0.15249266862170088	7485.988325684409
0.15347018572825025	8325.652362320423
0.15444770283479958	9121.599243683799
0.15542521994134897	9862.084198613673
0.1564027370478983	10532.938220848582
0.1573802541544477	11115.995994198809
0.15835777126099704	11592.162196029469
0.15933528836754643	11952.104348167046
0.16031280547409577	12201.358030441446
0.16129032258064516	12347.821358631454
0.1622678396871945	12385.389395097216
0.16324535679374386	12298.452379083184
0.16422287390029325	12083.807389305362
0.1652003910068426	11758.971752354955
0.16617790811339195	11344.598071887182
0.1671554252199413	10847.14617015469
0.1681329423264907	10265.812459888555
0.16911045943304007	9609.526423623971
0.1700879765395894	8897.606067841953
0.1710654936461388	8147.322437454513
0.17204301075268816	7370.032596434949
0.17302052785923752	6577.1843661608455
0.1739980449657869	5780.392781080956
0.17497556207233628	4986.317165385446
0.1759530791788856	4201.0627866168
0.17693059628543498	3439.4492598557244
0.17790811339198437	2718.8670461717056
0.17888563049853373	2041.9677094693689
0.17986314760508307	1397.2589315561236
0.18084066471163246	781.8029521556074
0.18181818181818182	211.9114983318728
0.18279569892473116	-296.45490845106644
0.18377321603128052	-747.5985394562329
0.18475073313782991	-1156.0246908652152
0.18572825024437928	-1525.0374656043386
0.18670576735092861	-1848.3068027607073
0.18768328445747798	-2126.865837866871
0.18866080156402737	-2369.2269729753657
0.1896383186705767	-2576.12331334791
0.19061583577712607	-2740.613351106116
0.19159335288367546	-2865.710669820928
0.19257086999022482	-2967.369650066424
0.19354838709677416	-3054.1342185785406
0.19452590420332352	-3116.400888108623
0.19550342130987292	-3144.331636856274
0.19648093841642225	-3146.265857712742
0.19745845552297162	-3138.8714975425746
0.198435972629521	-3126.122532744551
0.19941348973607037	-3099.5850461976615
0.2003910068426197	-3055.83932932261
0.20136852394916907	-3002.16081294804
0.20234604105571846	-2945.13773207393
0.20332355816226783	-2883.2610347183922
0.2043010752688172	-2812.869910701861
0.20527859237536658	-2734.823022548247
0.20625610948191592	-2653.263240458272
0.20723362658846528	-2572.3529305125685
0.20821114369501467	-2494.9321779813026
0.20918866080156404	-2420.0978435329116
0.21016617790811337	-2342.2935801908507
0.21114369501466274	-2257.6879892163315
0.21212121212121213	-2171.0898642731067
0.2130987292277615	-2090.8461063050017
0.21407624633431083	-2016.9954548225633
0.2150537634408602	-1941.4239362688572
0.21603128054740958	-1861.0728631267702
0.21700879765395892	-1783.3273164953462
0.21798631476050828	-1714.6718319781712
0.21896383186705767	-1651.019440858404
0.21994134897360704	-1585.0194699050603
0.22091886608015637	-1517.5690877421891
0.22189638318670574	-1454.9221255850782
0.22287390029325513	-1397.5728994677374
0.22385141739980446	-1339.8311236447112
0.22482893450635383	-1279.8872227910736
0.2258064516129032	-1223.0729570417911
0.22678396871945258	-1173.3865833553393
0.22776148582600192	-1127.4030193102915
0.22873900293255128	-1079.671846520835
0.22971652003910067	-1030.4625655932232
0.23069403714565	-984.6530075617138
0.23167155425219937	-944.7860584342659
0.23264907135874874	-908.376665244669
0.23362658846529813	-871.6825123208059
0.2346041055718475	-833.8388722025313
0.23558162267839686	-796.7971656903806
0.23655913978494625	-762.451447098611
0.23753665689149558	-730.7051959093711
0.23851417399804495	-700.2548199051356
0.23949169110459434	-670.6161397794472
0.24046920821114368	-642.5498270739675
0.24144672531769304	-616.360081894745
0.2424242424242424	-590.909645480285
0.2434017595307918	-565.3135615887826
0.24437927663734113	-540.7765031857791
0.2453567937438905	-519.2207676944635
0.24633431085043989	-500.33180592264506
0.24731182795698925	-481.58957960306947
0.24828934506353859	-461.53573811835236
0.24926686217008795	-441.5605261775612
0.25024437927663734	-423.72684212175886
0.25122189638318665	-407.93617208846763
0.25219941348973607	-392.2884891935048
0.25317693059628543	-375.70380776397155
0.2541544477028348	-359.17468393965714
0.2551319648093841	-344.40561554081194
0.2561094819159335	-331.8216224727198
0.2570869990224829	-320.16993185682486
0.2580645161290322	-307.94906233548
0.2590420332355816	-295.0627019189567
0.260019550342131	-282.8791440912255
0.26099706744868034	-272.59554034329767
0.26197458455522965	-263.8623355570079
0.26295210166177907	-255.3337071698757
0.26392961876832843	-246.2548060054276
0.26490713587487774	-236.94546053610833
0.2658846529814271	-227.8781907394016
0.2668621700879765	-219.0054960640812
0.2678396871945259	-210.1855295872232
0.2688172043010752	-201.71682306898995
0.2697947214076246	-194.0883119046769
0.270772238514174	-187.42467787496946
0.27174975562072334	-181.37066427023115
0.27272727272727265	-175.37986025019472
0.27370478983382207	-169.0941442005909
0.27468230694037143	-162.66336562924346
0.27565982404692074	-156.6992282114319
0.27663734115347016	-151.65939604048276
0.2776148582600195	-147.26396313855093
0.2785923753665689	-142.77100874937491
0.2795698924731182	-137.81869059315545
0.2805474095796676	-132.71703516451453
0.281524926686217	-127.92058763045975
0.2825024437927664	-123.54275475820111
0.28347996089931576	-119.45186940768963
0.28445747800586507	-115.54397697074728
0.28543499511241444	-111.79942653703517
0.28641251221896386	-108.26577352071934
0.2873900293255132	-105.03894235861958
0.2883675464320625	-102.07910237861518
0.28934506353861195	-99.05801104998477
0.2903225806451613	-95.64531300254816
0.2913000977517106	-91.98760475746087
0.29227761485826	-88.65958257988575
0.2932551319648094	-86.05574611546473
0.29423264907135877	-83.99924794546013
0.2952101661779081	-81.98052800919379
0.2961876832844575	-79.60349653288057
0.29716520039100686	-76.7951073388208
0.2981427174975562	-73.80446844249172
0.29912023460410553	-71.06233358014282
0.30009775171065495	-68.86371477960324
0.3010752688172043	-67.11550721279582
0.3020527859237536	-65.49972202864944
0.303030303030303	-63.8633920449962
0.3040078201368524	-62.28861367930352
0.30498533724340177	-60.80622911145707
0.3059628543499511	-59.25283148247922
0.3069403714565005	-57.45761267607713
0.30791788856304986	-55.427318060691135
0.30889540566959917	-53.334531236146915
0.30987292277614853	-51.45353799187245
0.31085043988269795	-50.06770122575935
0.3118279569892473	-49.23686735110158
0.3128054740957966	-48.62426541974219
0.31378299120234604	-47.71601647813759
0.3147605083088954	-46.26603552832148
0.31573802541544477	-44.44663267317469
0.3167155425219941	-42.611443807943715
0.3176930596285435	-41.05508079266929
0.31867057673509286	-39.94780232541393
0.31964809384164217	-39.278849369934505
0.32062561094819153	-38.804112278976845
0.3216031280547409	-38.190595368364484
0.3225806451612903	-37.274674760173184
0.3235581622678396	-36.1270336242967
0.324535679374389	-34.912233234955465
0.3255131964809384	-33.79243695938021
0.3264907135874877	-32.89916579061719
0.32746823069403713	-32.226283763930496
0.3284457478005865	-31.564710297157035
0.3294232649071358	-30.70356993346263
0.3304007820136852	-29.7121567539607
0.33137829912023453	-28.90159158535016
0.3323558162267839	-28.49679346781204
0.3333333333333333	-28.423778207451505
0.3343108504398826	-28.370604863515837
0.335288367546432	-27.955110915730984
0.3362658846529814	-26.925003895305736
0.3372434017595307	-25.392001080622776
0.33822091886608013	-23.87438186843633
0.3391984359726295	-22.9461790474071
0.3401759530791788	-22.779260285024066
0.3411534701857282	-23.06057831053829
0.3421309872922776	-23.29337618021077
0.3431085043988269	-23.097735889009755
0.3440860215053763	-22.340506034997816
0.34506353861192574	-21.190513680924596
0.34604105571847504	-20.064657178319976
0.34701857282502446	-19.369289342026605
0.3479960899315738	-19.2296287036379
0.34897360703812313	-19.48420859217549
0.34995112414467255	-19.859116964588793
0.35092864125122186	-20.060109167205155
0.3519061583577712	-19.812103041816044
0.35288367546432065	-19.009062004161933
0.35386119257086995	-17.83913518808913
0.3548387096774193	-16.6542817176296
0.35581622678396874	-15.718331886368105
0.35679374389051804	-15.130518032332475
0.35777126099706746	-14.895688061190413
0.3587487781036168	-14.936965880734988
0.35972629521016614	-15.099658447518777
0.36070381231671556	-15.277028595918182
0.3616813294232649	-15.495679796091736
0.3626588465298142	-15.771997045734224
0.36363636363636365	-15.948038345890382
0.36461388074291295	-15.798554202335481
0.3655913978494623	-15.263408071214371
0.36656891495601174	-14.475870819703118
0.36754643206256105	-13.623346734157622
0.3685239491691104	-12.88250963547739
0.36950146627565983	-12.404793582979082
0.37047898338220914	-12.214200214780618
0.37145650048875856	-12.147533133922366
0.3724340175953079	-12.0021910562117
0.37341153470185723	-11.713533099008714
0.37438905180840665	-11.335513432163793
0.37536656891495596	-10.959959567499482
0.3763440860215053	-10.757976991571468
0.37732160312805474	-10.963858476090536
0.37829912023460405	-11.627586673033875
0.3792766373411534	-12.425743707495712
0.38025415444770283	-12.866132821167412
0.38123167155425214	-12.677873412088502
0.38220918866080156	-11.954312939806641
0.3831867057673509	-11.017590023634057
0.38416422287390023	-10.228713258357857
0.38514173998044965	-9.784257652755741
0.38611925708699896	-9.539138224503176
0.3870967741935483	-9.13327512457954
0.38807429130009774	-8.462405175201638
0.38905180840664705	-7.942007643631769
0.3900293255131964	-8.123029430120823
0.39100684261974583	-9.07027961939059
0.39198435972629514	-10.241215213949204
0.3929618768328445	-10.941346355637165
0.3939393939393939	-10.833102971566845
0.39491691104594323	-10.127608533016542
0.39589442815249265	-9.421577071707816
0.396871945259042	-9.237120746032133
0.3978494623655913	-9.536445375164021
0.39882697947214074	-9.726945561070124
0.39980449657869005	-9.275329329481792
0.4007820136852394	-8.277786375255346
0.40175953079178883	-7.339651166065323
0.40273704789833814	-6.97787228595007
0.4037145650048875	-7.228081133601336
0.4046920821114369	-7.715860116453769
0.40566959921798623	-7.992339607707436
0.40664711632453565	-7.91700917436782
0.40762463343108507	-7.83778062298137
0.4086021505376344	-8.265944179285327
0.40957966764418374	-9.222200995272487
0.41055718475073316	-10.021698139873365
0.41153470185728247	-9.884915261112383
0.41251221896383183	-8.718093508266975
0.41348973607038125	-7.214587824536579
0.41446725317693056	-6.302922649035963
0.41544477028348	-6.537287180355861
0.41642228739002934	-7.7498901717357285
0.41739980449657865	-9.052587122813634
0.41837732160312807	-9.363675659327669
0.4193548387096774	-8.286649964895787
0.42033235581622674	-6.534723882546814
0.42130987292277616	-5.358987472532135
0.42228739002932547	-5.530994896443417
0.42326490713587483	-6.8405973181131685
0.42424242424242425	-8.357040325233584
0.42521994134897356	-9.074819150594294
0.426197458455523	-8.60150113089594
0.42717497556207235	-7.532890015427029
0.42815249266862165	-7.039244124057859
0.4291300097751711	-7.777939466619955
0.4301075268817204	-9.182512541140568
0.43108504398826974	-9.960438337694768
0.43206256109481916	-9.284105483554868
0.4330400782013685	-7.4792156843498105
0.43401759530791784	-5.72344872169765
0.43499511241446726	-5.146698553634906
0.43597262952101656	-5.950713531080282
0.4369501466275659	-7.180455101613006
0.43792766373411535	-7.563378648046999
0.43890518084066465	-6.842076849143602
0.4398826979472141	-6.1374629792904045
0.4408602150537634	-6.730160476629692
0.44183773216031275	-8.581212076035229
0.44281524926686217	-10.309249610726923
0.4437927663734115	-10.58354699846879
0.44477028347996084	-9.357809802087644
0.44574780058651026	-7.7940547013541845
0.44672531769305956	-7.119615651215966
0.44770283479960893	-7.484384317488761
0.44868035190615835	-7.852153872475412
0.44965786901270766	-7.158884712234254
0.4506353861192571	-5.641169614776061
0.4516129032258064	-4.751640281291088
0.45259042033235575	-5.586682697429609
0.45356793743890517	-7.664891707052988
0.4545454545454545	-9.491182005845275
0.45552297165200384	-10.061666732890188
0.45650048875855326	-9.524466852187544
0.45747800586510257	-8.642597397864279
0.45845552297165193	-8.066155903950687
0.45943304007820135	-8.047479744476249
0.46041055718475066	-8.424378404653027
0.4613880742913	-8.750665434151585
0.46236559139784944	-8.648150285957342
0.46334310850439875	-8.126268517902474
0.46432062561094817	-7.508026809732087
0.4652981427174975	-7.085504693104895
0.46627565982404684	-6.903116580650874
0.46725317693059626	-6.819371984609404
0.46823069403714557	-6.7811192566750265
0.469208211143695	-7.087807477518861
0.4701857282502444	-8.165374092006825
0.4711632453567937	-9.776973980695143
0.4721407624633431	-10.751441063200915
0.4731182795698925	-10.17888362302832
0.4740957966764418	-8.801168940843873
0.47507331378299117	-8.303078821988448
0.4760508308895406	-8.993315407128078
0.4770283479960899	-9.239619192660609
0.47800586510263926	-7.868728995156717
0.4789833822091887	-6.1370429069303505
0.479960899315738	-6.145178856774439
0.48093841642228735	-7.842307960781078
0.48191593352883677	-9.006140303163036
0.4828934506353861	-8.25076763935823
0.4838709677419355	-6.829360490403708
0.4848484848484848	-6.948551228340143
0.48582600195503417	-9.049393193923956
0.4868035190615836	-11.316233305517464
0.4877810361681329	-11.546273307652665
0.48875855327468226	-9.256599148993068
0.4897360703812317	-6.284012739833965
0.490713587487781	-5.3774714359225335
0.49169110459433035	-7.606881923460595
0.49266862170087977	-10.869876740760699
0.4936461388074291	-11.571857259944679
0.4946236559139785	-8.375358527265426
0.4956011730205278	-3.9143349629314486
0.49657869012707717	-2.104870408302908
0.4975562072336266	-3.980207231237543
0.4985337243401759	-7.084519602218023
0.49951124144672526	-8.992453176729526
0.5004887585532747	-10.026332080337852
0.501466275659824	-11.455415369820344
0.5024437927663733	-12.195835988533872
0.5034213098729228	-9.622317881117851
0.5043988269794721	-3.992231686749733
0.5053763440860214	0.2592709441031502
0.5063538611925709	-0.6328158213699453
0.5073313782991202	-4.9468750381502105
0.5083088954056696	-7.610506604815555
0.509286412512219	-6.5525228511729665
0.5102639296187682	-4.63689982335984
0.5112414467253177	-5.134913549862063
0.512218963831867	-7.495651350535468
0.5131964809384163	-8.511344891041176
0.5141739980449658	-6.108033870777831
0.5151515151515151	-1.0846815646137884
0.5161290322580644	3.5961499712304885
0.5171065493646139	4.510264322180774
0.5180840664711632	0.3534776360863532
0.5190615835777126	-5.917705476717941
0.520039100684262	-8.746897054785322
0.5210166177908112	-5.262531960421427
0.5219941348973607	1.6558991162690404
0.52297165200391	6.5019461640913505
0.5239491691104593	6.612867352528042
0.5249266862170088	3.8590226638315244
0.5259042033235581	2.0334379500817477
0.5268817204301074	3.5405382616672796
0.5278592375366569	7.514377717151319
0.5288367546432062	10.08738205777945
0.5298142717497555	7.796161052298885
0.530791788856305	2.2118564733148105
0.5317693059628542	-0.03810283132213499
0.5327468230694037	6.0369856574624
0.533724340175953	17.48902028413568
0.5347018572825023	25.71856536628789
0.5356793743890518	25.217814062751692
0.5366568914956011	18.75761740324642
0.5376344086021504	13.768917880805715
0.5386119257086999	14.678005679274738
0.5395894428152492	19.311654915362425
0.5405669599217985	22.581065148050854
0.541544477028348	23.211700098928013
0.5425219941348972	25.565413532044552
0.5434995112414467	33.45607904371476
0.544477028347996	43.37597994160109
0.5454545454545453	47.185776501924906
0.5464320625610948	42.21427813291037
0.5474095796676441	35.401713584034866
0.5483870967741934	35.55422515376919
0.5493646138807429	44.06472278841201
0.5503421309872922	55.2467702746449
0.5513196480938415	63.24028538713703
0.552297165200391	66.24518907646585
0.5532746823069403	66.35652856575699
0.5542521994134896	67.7810276021544
0.555229716520039	73.23144261815985
0.5562072336265883	80.35571255703192
0.5571847507331378	84.68106975141555
0.5581622678396871	87.41925189509472
0.5591397849462364	95.07476347600658
0.5601173020527859	108.27996920245154
0.5610948191593352	117.98231504048763
0.5620723362658845	118.95302162486684
0.563049853372434	120.11292349982418
0.5640273704789834	131.74705579635582
0.5650048875855328	147.97911201567794
0.565982404692082	154.98201506793174
0.5669599217986315	154.2805161864736
0.5679374389051809	162.59082203539333
0.5689149560117301	186.03683732485493
0.5698924731182796	209.46710502994017
0.5708699902248289	218.13306393697692
0.5718475073313783	217.4863744364057
0.5728250244379277	222.5892141924748
0.573802541544477	238.23967043296489
0.5747800586510264	259.75510942382823
0.5757575757575758	284.5637494718067
0.576735092864125	310.92280365341946
0.5777126099706745	331.37480549333736
0.5786901270772239	340.6414248223615
0.5796676441837731	347.39271571797315
0.5806451612903226	366.37303353187303
0.5816226783968719	399.5197173207416
0.5826001955034212	434.7876953337001
0.5835777126099707	463.0248263105028
0.58455522971652	486.52456093230103
0.5855327468230694	511.2437835033885
0.5865102639296188	540.1065540362622
0.587487781036168	574.6674304027028
0.5884652981427175	614.7391012722351
0.5894428152492669	655.511963842628
0.5904203323558161	692.6768916294225
0.5913978494623656	730.0730981465883
0.592375366568915	774.212343546794
0.5933528836754642	822.9786670973199
0.5943304007820137	870.1719492224438
0.595307917888563	919.5103336380657
0.5962854349951124	980.3083694411896
0.5972629521016618	1048.5966717699202
0.5982404692082111	1109.0288977794398
0.5992179863147605	1160.4650803991626
0.6001955034213099	1222.2613624721494
0.6011730205278591	1305.2228891376753
0.6021505376344086	1392.8318413421466
0.603128054740958	1466.5385783759377
0.6041055718475072	1536.149887281842
0.6050830889540567	1624.9561609717944
0.606060606060606	1732.580938438528
0.6070381231671554	1835.4718561831883
0.6080156402737048	1923.6518582994263
0.6089931573802541	2014.8805461368079
0.6099706744868035	2126.4210433339376
0.6109481915933529	2251.3778958824187
0.6119257086999021	2373.3450016048973
0.6129032258064516	2490.35064556998
0.613880742913001	2611.4446381623625
0.6148582600195502	2738.9081344091837
0.6158357771260997	2867.4830907832347
0.616813294232649	2996.6380120566732
0.6177908113391983	3131.1378093821436
0.6187683284457478	3270.5005789268107
0.6197458455522971	3407.917809673641
0.6207233626588465	3539.9831318567212
0.6217008797653959	3669.1463602718586
0.6226783968719452	3795.6456701947477
0.6236559139784946	3914.9026769189595
0.624633431085044	4025.0035778959136
0.6256109481915932	4129.250666076776
0.6265884652981427	4227.139043020456
0.6275659824046921	4308.7671667392215
0.6285434995112413	4364.094266486116
0.6295210166177908	4394.287896124843
0.6304985337243401	4407.275207404273
0.6314760508308895	4402.664198117174
0.6324535679374389	4367.269198159975
0.6334310850439882	4287.612678978063
0.6344086021505376	4162.20736708545
0.635386119257087	3997.534441656624
0.6363636363636362	3794.3365463013997
0.6373411534701857	3542.9824471863753
0.6383186705767351	3233.039192746312
0.6392961876832843	2863.1573506049485
0.6402737047898338	2438.3874525769347
0.6412512218963831	1959.7019727429006
0.6422287390029324	1420.2083366600518
0.6432062561094818	812.9110586891105
0.6441837732160312	140.2753595296681
0.6451612903225806	-585.6783106981144
0.6461388074291299	-1352.7146983576774
0.6471163245356792	-2156.9227683856116
0.6480938416422287	-3001.187098333177
0.649071358748778	-3884.8079822861664
0.6500488758553273	-4795.198664392891
0.6510263929618768	-5710.817351510918
0.6520039100684262	-6611.781523818745
0.6529814271749754	-7485.988325684409
0.6539589442815249	-8325.652362320423
0.6549364613880743	-9121.599243683799
0.6559139784946235	-9862.084198613673
0.656891495601173	-10532.938220848582
0.6578690127077224	-11115.995994198809
0.6588465298142716	-11592.162196029469
0.6598240469208211	-11952.104348167046
0.6608015640273704	-12201.358030441446
0.6617790811339197	-12347.821358631454
0.6627565982404691	-12385.389395097216
0.6637341153470185	-12298.452379083184
0.6647116324535678	-12083.807389305362
0.6656891495601172	-11758.971752354955
0.6666666666666666	-11344.598071887182
0.6676441837732159	-10847.14617015469
0.6686217008797652	-10265.812459888555
0.6695992179863147	-9609.526423623971
0.670576735092864	-8897.606067841953
0.6715542521994133	-8147.322437454513
0.6725317693059628	-7370.032596434949
0.6735092864125122	-6577.1843661608455
0.6744868035190614	-5780.392781080956
0.6754643206256109	-4986.317165385446
0.6764418377321603	-4201.0627866168
0.6774193548387095	-3439.4492598557244
0.678396871945259	-2718.8670461717056
0.6793743890518084	-2041.9677094693689
0.6803519061583576	-1397.2589315561236
0.6813294232649071	-781.8029521556074
0.6823069403714564	-211.9114983318728
0.6832844574780057	296.45490845106644
0.6842619745845552	747.5985394562329
0.6852394916911045	1156.0246908652152
0.6862170087976538	1525.0374656043386
0.6871945259042032	1848.3068027607073
0.6881720430107526	2126.865837866871
0.689149560117302	2369.2269729753657
0.6901270772238515	2576.12331334791
0.6911045943304008	2740.613351106116
0.6920821114369501	2865.710669820928
0.6930596285434996	2967.369650066424
0.6940371456500489	3054.1342185785406
0.6950146627565982	3116.400888108623
0.6959921798631477	3144.331636856274
0.696969696969697	3146.265857712742
0.6979472140762463	3138.8714975425746
0.6989247311827957	3126.122532744551
0.6999022482893451	3099.5850461976615
0.7008797653958944	3055.83932932261
0.7018572825024437	3002.16081294804
0.7028347996089932	2945.13773207393
0.7038123167155425	2883.2610347183922
0.7047898338220918	2812.869910701861
0.7057673509286413	2734.823022548247
0.7067448680351905	2653.263240458272
0.7077223851417399	2572.3529305125685
0.7086999022482894	2494.9321779813026
0.7096774193548386	2420.0978435329116
0.710654936461388	2342.2935801908507
0.7116324535679375	2257.6879892163315
0.7126099706744867	2171.0898642731067
0.7135874877810361	2090.8461063050017
0.7145650048875856	2016.9954548225633
0.7155425219941349	1941.4239362688572
0.7165200391006842	1861.0728631267702
0.7174975562072337	1783.3273164953462
0.718475073313783	1714.6718319781712
0.7194525904203323	1651.019440858404
0.7204301075268817	1585.0194699050603
0.7214076246334311	1517.5690877421891
0.7223851417399804	1454.9221255850782
0.7233626588465298	1397.5728994677374
0.7243401759530792	1339.8311236447112
0.7253176930596285	1279.8872227910736
0.7262952101661778	1223.0729570417911
0.7272727272727273	1173.3865833553393
0.7282502443792765	1127.4030193102915
0.7292277614858259	1079.671846520835
0.7302052785923754	1030.4625655932232
0.7311827956989246	984.6530075617138
0.732160312805474	944.7860584342659
0.7331378299120235	908.376665244669
0.7341153470185727	871.6825123208059
0.7350928641251221	833.8388722025313
0.7360703812316716	796.7971656903806
0.7370478983382208	762.451447098611
0.7380254154447702	730.7051959093711
0.7390029325513197	700.2548199051356
0.739980449657869	670.6161397794472
0.7409579667644183	642.5498270739675
0.7419354838709677	616.360081894745
0.7429130009775171	590.909645480285
0.7438905180840664	565.3135615887826
0.7448680351906158	540.7765031857791
0.7458455522971652	519.2207676944635
0.7468230694037145	500.33180592264506
0.7478005865102638	481.58957960306947
0.7487781036168133	461.53573811835236
0.7497556207233625	441.5605261775612
0.7507331378299119	423.72684212175886
0.7517106549364614	407.93617208846763
0.7526881720430106	392.2884891935048
0.75366568914956	375.70380776397155
0.7546432062561095	359.17468393965714
0.7556207233626587	344.40561554081194
0.7565982404692081	331.8216224727198
0.7575757575757576	320.16993185682486
0.7585532746823068	307.94906233548
0.7595307917888562	295.0627019189567
0.7605083088954057	282.8791440912255
0.7614858260019549	272.59554034329767
0.7624633431085043	263.8623355570079
0.7634408602150538	255.3337071698757
0.7644183773216031	246.2548060054276
0.7653958944281524	236.94546053610833
0.7663734115347018	227.8781907394016
0.7673509286412512	219.0054960640812
0.7683284457478005	210.1855295872232
0.7693059628543499	201.71682306898995
0.7702834799608993	194.0883119046769
0.7712609970674486	187.42467787496946
0.7722385141739979	181.37066427023115
0.7732160312805474	175.37986025019472
0.7741935483870966	169.0941442005909
0.775171065493646	162.66336562924346
0.7761485826001955	156.6992282114319
0.7771260997067447	151.65939604048276
0.7781036168132941	147.26396313855093
0.7790811339198436	142.77100874937491
0.7800586510263928	137.81869059315545
0.7810361681329422	132.71703516451453
0.7820136852394917	127.92058763045975
0.7829912023460409	123.54275475820111
0.7839687194525903	119.45186940768963
0.7849462365591398	115.54397697074728
0.785923753665689	111.79942653703517
0.7869012707722384	108.26577352071934
0.7878787878787878	105.03894235861958
0.7888563049853372	102.07910237861518
0.7898338220918865	99.05801104998477
0.7908113391984359	95.64531300254816
0.7917888563049853	91.98760475746087
0.7927663734115346	88.65958257988575
0.793743890518084	86.05574611546473
0.7947214076246334	83.99924794546013
0.7956989247311826	81.98052800919379
0.796676441837732	79.60349653288057
0.7976539589442815	76.7951073388208
0.7986314760508307	73.80446844249172
0.7996089931573801	71.06233358014282
0.8005865102639296	68.86371477960324
0.8015640273704788	67.11550721279582
0.8025415444770282	65.49972202864944
0.8035190615835777	63.8633920449962
0.8044965786901269	62.28861367930352
0.8054740957966763	60.80622911145707
0.8064516129032258	59.25283148247922
0.807429130009775	57.45761267607713
0.8084066471163244	55.427318060691135
0.8093841642228738	53.334531236146915
0.8103616813294231	51.45353799187245
0.8113391984359725	50.06770122575935
0.8123167155425219	49.23686735110158
0.8132942326490713	48.62426541974219
0.8142717497556207	47.71601647813759
0.8152492668621701	46.26603552832148
0.8162267839687194	44.44663267317469
0.8172043010752688	42.611443807943715
0.8181818181818182	41.05508079266929
0.8191593352883675	39.94780232541393
0.8201368523949168	39.278849369934505
0.8211143695014663	38.804112278976845
0.8220918866080156	38.190595368364484
0.8230694037145649	37.274674760173184
0.8240469208211144	36.1270336242967
0.8250244379276637	34.912233234955465
0.826001955034213	33.79243695938021
0.8269794721407625	32.89916579061719
0.8279569892473119	32.226283763930496
0.8289345063538611	31.564710297157035
0.8299120234604106	30.70356993346263
0.83088954056696	29.7121567539607
0.8318670576735092	28.90159158535016
0.8328445747800587	28.49679346781204
0.833822091886608	28.423778207451505
0.8347996089931573	28.370604863515837
0.8357771260997067	27.955110915730984
0.8367546432062561	26.925003895305736
0.8377321603128054	25.392001080622776
0.8387096774193548	23.87438186843633
0.8396871945259042	22.9461790474071
0.8406647116324535	22.779260285024066
0.8416422287390029	23.06057831053829
0.8426197458455523	23.29337618021077
0.8435972629521016	23.097735889009755
0.8445747800586509	22.340506034997816
0.8455522971652004	21.190513680924596
0.8465298142717497	20.064657178319976
0.847507331378299	19.369289342026605
0.8484848484848485	19.2296287036379
0.8494623655913978	19.48420859217549
0.8504398826979471	19.859116964588793
0.8514173998044966	20.060109167205155
0.852394916911046	19.812103041816044
0.8533724340175952	19.009062004161933
0.8543499511241447	17.83913518808913
0.855327468230694	16.6542817176296
0.8563049853372433	15.718331886368105
0.8572825024437927	15.130518032332475
0.8582600195503421	14.895688061190413
0.8592375366568914	14.936965880734988
0.8602150537634408	15.099658447518777
0.8611925708699902	15.277028595918182
0.8621700879765395	15.495679796091736
0.8631476050830889	15.771997045734224
0.8641251221896383	15.948038345890382
0.8651026392961876	15.798554202335481
0.866080156402737	15.263408071214371
0.8670576735092864	14.475870819703118
0.8680351906158357	13.623346734157622
0.869012707722385	12.88250963547739
0.8699902248289345	12.404793582979082
0.8709677419354838	12.214200214780618
0.8719452590420331	12.147533133922366
0.8729227761485826	12.0021910562117
0.8739002932551319	11.713533099008714
0.8748778103616812	11.335513432163793
0.8758553274682307	10.959959567499482
0.8768328445747801	10.757976991571468
0.8778103616813293	10.963858476090536
0.8787878787878788	11.627586673033875
0.8797653958944281	12.425743707495712
0.8807429130009774	12.866132821167412
0.8817204301075268	12.677873412088502
0.8826979472140762	11.954312939806641
0.8836754643206255	11.017590023634057
0.8846529814271749	10.228713258357857
0.8856304985337243	9.784257652755741
0.8866080156402736	9.539138224503176
0.887585532746823	9.13327512457954
0.8885630498533724	8.462405175201638
0.8895405669599217	7.942007643631769
0.890518084066471	8.123029430120823
0.8914956011730205	9.07027961939059
0.8924731182795698	10.241215213949204
0.8934506353861191	10.941346355637165
0.8944281524926686	10.833102971566845
0.8954056695992179	10.127608533016542
0.8963831867057672	9.421577071707816
0.8973607038123167	9.237120746032133
0.898338220918866	9.536445375164021
0.8993157380254153	9.726945561070124
0.9002932551319648	9.275329329481792
0.9012707722385142	8.277786375255346
0.9022482893450634	7.339651166065323
0.9032258064516128	6.97787228595007
0.9042033235581622	7.228081133601336
0.9051808406647115	7.715860116453769
0.9061583577712609	7.992339607707436
0.9071358748778103	7.91700917436782
0.9081133919843596	7.83778062298137
0.909090909090909	8.265944179285327
0.9100684261974584	9.222200995272487
0.9110459433040077	10.021698139873365
0.912023460410557	9.884915261112383
0.9130009775171065	8.718093508266975
0.9139784946236558	7.214587824536579
0.9149560117302051	6.302922649035963
0.9159335288367546	6.537287180355861
0.9169110459433039	7.7498901717357285
0.9178885630498532	9.052587122813634
0.9188660801564027	9.363675659327669
0.919843597262952	8.286649964895787
0.9208211143695013	6.534723882546814
0.9217986314760508	5.358987472532135
0.9227761485826	5.530994896443417
0.9237536656891494	6.8405973181131685
0.9247311827956989	8.357040325233584
0.9257086999022482	9.074819150594294
0.9266862170087975	8.60150113089594
0.9276637341153469	7.532890015427029
0.9286412512218963	7.039244124057859
0.9296187683284456	7.777939466619955
0.930596285434995	9.182512541140568
0.9315738025415444	9.960438337694768
0.9325513196480937	9.284105483554868
0.933528836754643	7.4792156843498105
0.9345063538611925	5.72344872169765
0.9354838709677418	5.146698553634906
0.9364613880742911	5.950713531080282
0.9374389051808406	7.180455101613006
0.93841642228739	7.563378648046999
0.9393939393939394	6.842076849143602
0.9403714565004888	6.1374629792904045
0.9413489736070381	6.730160476629692
0.9423264907135874	8.581212076035229
0.9433040078201369	10.309249610726923
0.9442815249266862	10.58354699846879
0.9452590420332355	9.357809802087644
0.946236559139785	7.7940547013541845
0.9472140762463342	7.119615651215966
0.9481915933528836	7.484384317488761
0.9491691104594331	7.852153872475412
0.9501466275659823	7.158884712234254
0.9511241446725317	5.641169614776061
0.9521016617790812	4.751640281291088
0.9530791788856304	5.586682697429609
0.9540566959921798	7.664891707052988
0.9550342130987293	9.491182005845275
0.9560117302052785	10.061666732890188
0.9569892473118279	9.524466852187544
0.9579667644183774	8.642597397864279
0.9589442815249266	8.066155903950687
0.959921798631476	8.047479744476249
0.9608993157380255	8.424378404653027
0.9618768328445747	8.750665434151585
0.9628543499511241	8.648150285957342
0.9638318670576735	8.126268517902474
0.9648093841642229	7.508026809732087
0.9657869012707722	7.085504693104895
0.9667644183773215	6.903116580650874
0.967741935483871	6.819371984609404
0.9687194525904202	6.7811192566750265
0.9696969696969696	7.087807477518861
0.9706744868035191	8.165374092006825
0.9716520039100683	9.776973980695143
0.9726295210166177	10.751441063200915
0.9736070381231672	10.17888362302832
0.9745845552297164	8.801168940843873
0.9755620723362658	8.303078821988448
0.9765395894428153	8.993315407128078
0.9775171065493645	9.239619192660609
0.9784946236559139	7.868728995156717
0.9794721407624634	6.1370429069303505
0.9804496578690126	6.145178856774439
0.981427174975562	7.842307960781078
0.9824046920821115	9.006140303163036
0.9833822091886607	8.25076763935823
0.9843597262952101	6.829360490403708
0.9853372434017595	6.948551228340143
0.9863147605083088	9.049393193923956
0.9872922776148582	11.316233305517464
0.9882697947214075	11.546273307652665
0.989247311827957	9.256599148993068
0.9902248289345063	6.284012739833965
0.9912023460410556	5.3774714359225335
0.9921798631476051	7.606881923460595
0.9931573802541543	10.869876740760699
0.9941348973607037	11.571857259944679
0.9951124144672532	8.375358527265426
0.9960899315738024	3.9143349629314486
0.9970674486803518	2.104870408302908
0.9980449657869013	3.980207231237543
0.9990224828934505	7.084519602218023
0.9999999999999999	8.992453176729526